d:\class docs\cpsc 488\agent based vrp - auctioning\agent-based vrp\hermes\hermes\problems\c102.txt 1 100 1 200.0 1236.0 1810.0 164.71518 11202.612 9000.0 2037.8972 0.0 0.0 0.0
1 0 190.0 163.44243 13 0 32 33 8 10 11 9 3 5 1 2 83 -1 
1 1 160.0 237.5187 13 0 43 42 37 29 38 39 36 51 59 52 47 -1 
1 2 180.0 164.78531 13 0 75 24 25 35 30 28 26 23 22 21 49 -1 
1 3 190.0 213.29594 13 0 34 31 40 50 48 45 72 82 85 98 95 -1 
1 4 180.0 117.78205 11 0 17 18 19 15 16 14 6 89 91 -1 
1 5 180.0 205.98476 11 0 13 12 53 56 58 60 68 66 69 -1 
1 6 130.0 235.43015 9 0 7 41 27 74 84 64 4 -1 
1 7 170.0 228.77045 12 0 20 63 62 44 46 61 79 80 94 96 -1 
1 8 160.0 200.67064 10 0 57 55 71 70 73 77 88 99 -1 
1 9 170.0 171.99988 9 0 67 65 54 92 93 97 100 -1 
1 10 60.0 79.406586 5 0 81 78 76 -1 
1 11 40.0 18.81025 5 0 90 87 86 -1 


