d:\class docs\cpsc 488\agent based vrp - auctioning\agent-based vrp\hermes\hermes\problems\c105.txt 1 100 1 200.0 1236.0 1810.0 110.563095 11510.519 9000.0 2399.9553 0.0 0.0 0.0
1 0 190.0 146.75768 13 0 20 31 35 37 38 9 6 4 2 1 75 -1 
1 1 180.0 171.57843 11 0 33 25 8 29 30 28 26 23 22 -1 
1 2 190.0 223.03012 13 0 67 87 19 15 16 14 12 51 50 47 49 -1 
1 3 140.0 223.91449 12 0 5 17 27 10 11 39 36 34 21 52 -1 
1 4 130.0 244.48285 11 0 13 3 18 72 60 59 68 66 69 -1 
1 5 150.0 309.84726 9 0 32 76 74 58 77 79 80 -1 
1 6 150.0 193.30495 11 0 24 7 53 56 61 64 88 89 91 -1 
1 7 110.0 128.74196 11 0 90 65 41 40 44 46 45 48 99 -1 
1 8 150.0 202.74487 8 0 42 63 62 70 73 100 -1 
1 9 130.0 159.01326 7 0 57 55 54 71 84 -1 
1 10 130.0 178.60358 8 0 81 86 94 82 85 97 -1 
1 11 100.0 175.31815 7 0 43 78 83 92 93 -1 
1 12 60.0 42.61766 5 0 98 96 95 -1 


